[
    [6.86532146e-03, -6.89652797e-04, -9.63132084e-04, -3.35772166e-03, 1.26593950e-03, 2.79536415e-03, 5.92164257e-03, 5.26789962e-03, -1.56271610e-04, -1.01828891e-04, -4.69341686e-03, 1.12905960e-03, 7.64275037e-03],
    [6.87189803e-03, -6.94250865e-04, -9.51695486e-04, -3.37170039e-03, 1.26852257e-03, 2.78959453e-03, 5.90994067e-03, 5.26454195e-03, -1.51521627e-04, -1.09137674e-04, -4.71038724e-03, 1.13714085e-03, 7.61311813e-03],
    [6.86334400e-03, -6.99242952e-04, -9.52038662e-04, -3.36927186e-03, 1.26854673e-03, 2.76768509e-03, 5.91606317e-03, 5.25132318e-03, -1.57656865e-04, -1.03666397e-04, -4.71802850e-03, 1.10801197e-03, 7.53757284e-03],
    [6.86405963e-03, -7.00047757e-04, -9.52653873e-04, -3.36702205e-03, 1.27619906e-03, 2.77307381e-03, 5.90264304e-03, 5.29248360e-03, -1.64371764e-04, -1.01018761e-04, -4.67663435e-03, 1.06877759e-03, 7.51871205e-03],
    [6.86047789e-03, -6.98134793e-04, -9.54101972e-04, -3.37003910e-03, 1.28094559e-03, 2.77889331e-03, 5.88213393e-03, 5.29988285e-03, -1.64547427e-04, -1.00773226e-04, -4.66227376e-03, 1.04775246e-03, 7.46393405e-03],
    [6.85702793e-03, -7.01117836e-04, -9.43668936e-04, -3.37132183e-03, 1.28371092e-03, 2.77645352e-03, 5.89047059e-03, 5.29726519e-03, -1.63092879e-04, -1.06712808e-04, -4.64519463e-03, 1.07499181e-03, 7.44092245e-03],
    [6.89204252e-03, -7.02520587e-04, -9.34374648e-04, -3.38056678e-03, 1.28490859e-03, 2.76127907e-03, 5.89889985e-03, 5.29799434e-03, -1.30012740e-04, -1.01890796e-04, -4.64042436e-03, 1.11823421e-03, 7.41388980e-03],
    [6.87673781e-03, -7.04438424e-04, -9.31376066e-04, -3.37764030e-03, 1.27821770e-03, 2.74776194e-03, 5.92672161e-03, 5.29370468e-03, -1.22129391e-04, -1.03496876e-04, -4.64634660e-03, 1.14497156e-03, 7.42077228e-03],
    [6.88598321e-03, -7.02693478e-04, -9.29462852e-04, -3.36894167e-03, 1.27817299e-03, 2.75193735e-03, 5.90786237e-03, 5.27570363e-03, -1.13059622e-04, -1.06424743e-04, -4.63774135e-03, 1.12175809e-03, 7.35802027e-03],
    [6.89033565e-03, -6.98263404e-04, -9.34631276e-04, -3.36931076e-03, 1.27801556e-03, 2.74626994e-03, 5.90535336e-03, 5.28065022e-03, -1.11462342e-04, -1.04379110e-04, -4.65541327e-03, 1.11848212e-03, 7.42671956e-03],
    [6.92319227e-03, -6.97996380e-04, -9.36595712e-04, -3.36504036e-03, 1.27465238e-03, 2.75620566e-03, 5.90299735e-03, 5.28808449e-03, -1.13659519e-04, -1.00136065e-04, -4.65635917e-03, 1.07239454e-03, 7.39103643e-03],
    [6.95472417e-03, -7.00210753e-04, -9.29771163e-04, -3.35660332e-03, 1.27353730e-03, 2.75943866e-03, 5.90817203e-03, 5.27834133e-03, -1.12262956e-04, -9.49697300e-05, -4.67694998e-03, 1.08870100e-03, 7.39697884e-03],
    [6.96316399e-03, -7.04949017e-04, -9.36132954e-04, -3.35767924e-03, 1.27839773e-03, 2.75803708e-03, 5.92009456e-03, 5.24908572e-03, -1.15157262e-04, -1.01014822e-04, -4.68031422e-03, 1.06325071e-03, 7.34572469e-03],
    [6.97584900e-03, -7.06986699e-04, -9.30867756e-04, -3.35718959e-03, 1.27472380e-03, 2.76003694e-03, 5.94200109e-03, 5.24492373e-03, -1.13856044e-04, -1.01829408e-04, -4.67033642e-03, 1.09006329e-03, 7.41138320e-03],
    [6.99036421e-03, -7.04919035e-04, -9.25497780e-04, -3.39334677e-03, 1.26506329e-03, 2.70827139e-03, 5.94086966e-03, 5.25594656e-03, -1.32795087e-04, -9.69261516e-05, -4.65045242e-03, 1.12501337e-03, 7.42816676e-03],
    [6.98415141e-03, -7.07260771e-04, -9.19551640e-04, -3.39020289e-03, 1.27736594e-03, 2.71994908e-03, 5.93325963e-03, 5.25699664e-03, -1.49274967e-04, -1.01510262e-04, -4.63915379e-03, 1.11667854e-03, 7.40285662e-03],
    [6.99876852e-03, -7.05629175e-04, -9.18722173e-04, -3.40847433e-03, 1.27403786e-03, 2.71205030e-03, 5.95827209e-03, 5.22654311e-03, -1.31709076e-04, -1.02650059e-04, -4.64104092e-03, 1.10093336e-03, 7.39357252e-03],
    [6.98118392e-03, -7.07607526e-04, -9.21380912e-04, -3.41880823e-03, 1.26491327e-03, 2.68789340e-03, 5.95685882e-03, 5.19820723e-03, -1.12392455e-04, -1.02940905e-04, -4.63453908e-03, 1.10555192e-03, 7.40940751e-03],
    [6.98574490e-03, -7.09874030e-04, -9.10002040e-04, -3.41418347e-03, 1.26020784e-03, 2.70871537e-03, 5.99682830e-03, 5.21146153e-03, -1.09803772e-04, -1.03587814e-04, -4.67462379e-03, 1.10554886e-03, 7.45075997e-03],
    [6.96958415e-03, -6.94657083e-04, -9.11791836e-04, -3.40928744e-03, 1.24952349e-03, 2.69024543e-03, 5.98620079e-03, 5.19286983e-03, -1.12808675e-04, -1.02720093e-04, -4.69455550e-03, 1.09013846e-03, 7.39731292e-03],
    [6.96287879e-03, -6.95017701e-04, -9.15700447e-04, -3.38811155e-03, 1.24740458e-03, 2.69017141e-03, 5.99273418e-03, 5.18977657e-03, -1.14295036e-04, -1.04458493e-04, -4.67396900e-03, 1.14155669e-03, 7.37511702e-03],
    [6.96893996e-03, -6.94683280e-04, -9.17531695e-04, -3.36773911e-03, 1.24740764e-03, 2.70577850e-03, 5.99534630e-03, 5.18259986e-03, -1.23157925e-04, -1.07524043e-04, -4.61158536e-03, 1.13548245e-03, 7.37842611e-03],
    [6.97400929e-03, -6.96441874e-04, -9.12132199e-04, -3.37736425e-03, 1.24942665e-03, 2.71587942e-03, 5.98978305e-03, 5.19445483e-03, -1.19255131e-04, -1.15947369e-04, -4.56717001e-03, 1.09720485e-03, 7.35851457e-03],
    [7.26068841e-03, -6.22342931e-04, -5.36084099e-04, -3.57478953e-03, 1.55544654e-03, 3.58015465e-03, 6.96587647e-03, 4.49810823e-03, -1.47179355e-03, -1.66015448e-04, -3.84466729e-03, 3.49587203e-03, 1.04513492e-02]
]
