[
    [1.66719173e-03, 8.94591091e-04, 6.19020245e-04, -3.56634279e-03, 1.97040874e-03, -1.34259190e-02, 6.74029079e-03, 7.72496403e-03, 3.18918947e-04, -2.84050293e-03, -1.25839543e-02, -6.59851674e-03, 9.18844151e-04],
    [1.68305521e-03, 8.88684464e-04, 6.35491793e-04, -3.55669738e-03, 1.96551078e-03, -1.34271615e-02, 6.74140082e-03, 7.72771620e-03, 3.26509495e-04, -2.85822781e-03, -1.25910373e-02, -6.59214405e-03, 8.72568624e-04],
    [1.66753046e-03, 8.93652015e-04, 6.44909013e-04, -3.57759267e-03, 1.96525252e-03, -1.34295971e-02, 6.74818745e-03, 7.71638083e-03, 3.15946680e-04, -2.86330740e-03, -1.26050652e-02, -6.62678020e-03, 8.09893281e-04],
    [1.67754086e-03, 8.95026136e-04, 6.52688998e-04, -3.56255332e-03, 1.96030172e-03, -1.34645657e-02, 6.72743368e-03, 7.73784279e-03, 3.15400597e-04, -2.85809893e-03, -1.26053938e-02, -6.69037316e-03, 7.83778277e-04],
    [1.67641286e-03, 8.90723617e-04, 6.65966091e-04, -3.56595764e-03, 1.95879966e-03, -1.34531093e-02, 6.70221191e-03, 7.74248842e-03, 3.18395458e-04, -2.85407282e-03, -1.25778895e-02, -6.71328153e-03, 7.03617111e-04],
    [1.67572338e-03, 8.94036892e-04, 6.66956870e-04, -3.55031072e-03, 1.95716693e-03, -1.34216837e-02, 6.70449567e-03, 7.73662331e-03, 3.32986130e-04, -2.85327786e-03, -1.25637333e-02, -6.68921874e-03, 6.72446014e-04],
    [1.68024516e-03, 8.89186713e-04, 6.85274591e-04, -3.54961585e-03, 1.95750051e-03, -1.34268603e-02, 6.68378035e-03, 7.75118593e-03, 3.34317044e-04, -2.85307550e-03, -1.25780005e-02, -6.66419950e-03, 6.44505736e-04],
    [1.67531285e-03, 8.89985937e-04, 6.86741366e-04, -3.54594804e-03, 1.94351124e-03, -1.34105550e-02, 6.71929741e-03, 7.76373957e-03, 3.21671159e-04, -2.85353054e-03, -1.25639312e-02, -6.63215391e-03, 6.60044058e-04],
    [1.66935423e-03, 8.99620508e-04, 6.80460624e-04, -3.54897327e-03, 1.93986792e-03, -1.33639342e-02, 6.69168906e-03, 7.76107207e-03, 3.32323318e-04, -2.86060228e-03, -1.25548744e-02, -6.65846504e-03, 6.09561368e-04],
    [1.66420288e-03, 8.96616816e-04, 6.78822662e-04, -3.54199700e-03, 1.94234933e-03, -1.33685232e-02, 6.68610936e-03, 7.75676356e-03, 3.30136448e-04, -2.85877837e-03, -1.25783273e-02, -6.67727960e-03, 6.71172496e-04],
    [1.67482140e-03, 8.98137549e-04, 6.75432679e-04, -3.56068016e-03, 1.94662664e-03, -1.33842599e-02, 6.66009516e-03, 7.76856495e-03, 3.11722643e-04, -2.88143178e-03, -1.25848446e-02, -6.72679059e-03, 6.28172343e-04],
    [1.67009086e-03, 8.98543857e-04, 6.86215786e-04, -3.53607452e-03, 1.94633220e-03, -1.33938270e-02, 6.63648511e-03, 7.78179764e-03, 3.40061680e-04, -2.87182672e-03, -1.26172876e-02, -6.71992794e-03, 6.25630685e-04],
    [1.67505870e-03, 8.99061619e-04, 6.78769656e-04, -3.54954128e-03, 1.94251431e-03, -1.34054000e-02, 6.61798093e-03, 7.75197752e-03, 3.38326984e-04, -2.86807628e-03, -1.25928003e-02, -6.75501441e-03, 5.78663545e-04],
    [1.67263950e-03, 8.98750714e-04, 6.80383923e-04, -3.54803603e-03, 1.93297556e-03, -1.33882616e-02, 6.64254139e-03, 7.75664980e-03, 3.53864953e-04, -2.87423384e-03, -1.25428898e-02, -6.70944943e-03, 6.42256530e-04],
    [1.66693506e-03, 8.85841842e-04, 7.03288152e-04, -3.55195702e-03, 1.92874666e-03, -1.33979384e-02, 6.64720090e-03, 7.78272939e-03, 3.43901039e-04, -2.87929733e-03, -1.25256879e-02, -6.68559902e-03, 6.59342016e-04],
    [1.65779330e-03, 8.86288553e-04, 7.29609348e-04, -3.54798870e-03, 1.94163565e-03, -1.33775866e-02, 6.63927522e-03, 7.78965789e-03, 3.32499690e-04, -2.88555275e-03, -1.25212489e-02, -6.68441392e-03, 6.41075471e-04],
    [1.68042281e-03, 8.86468039e-04, 7.34027182e-04, -3.54924489e-03, 1.93510961e-03, -1.33631240e-02, 6.65263497e-03, 7.78842207e-03, 3.39430946e-04, -2.87509155e-03, -1.25140966e-02, -6.67274070e-03, 6.55808129e-04],
    [1.66736411e-03, 8.84106706e-04, 7.30131134e-04, -3.54335570e-03, 1.93739163e-03, -1.33823579e-02, 6.64232736e-03, 7.75962339e-03, 3.41417988e-04, -2.86650457e-03, -1.25153518e-02, -6.68071152e-03, 6.72243332e-04],
    [1.66186887e-03, 8.79045452e-04, 7.43582783e-04, -3.54076182e-03, 1.93057920e-03, -1.34016989e-02, 6.66716600e-03, 7.73860429e-03, 3.46863477e-04, -2.87240603e-03, -1.25529703e-02, -6.70737769e-03, 7.19442593e-04],
    [1.61911721e-03, 8.92460271e-04, 7.51986635e-04, -3.54344932e-03, 1.92953704e-03, -1.34182781e-02, 6.67042037e-03, 7.73285650e-03, 3.58424889e-04, -2.87935976e-03, -1.25763641e-02, -6.72189053e-03, 6.73521673e-04],
    [1.62253478e-03, 9.00181121e-04, 7.41963026e-04, -3.55011667e-03, 1.93234471e-03, -1.34069142e-02, 6.67387464e-03, 7.73501184e-03, 3.69962752e-04, -2.87710010e-03, -1.25568862e-02, -6.68368321e-03, 6.67120142e-04],
    [1.63452018e-03, 9.01680607e-04, 7.25878310e-04, -3.53904226e-03, 1.92283997e-03, -1.34199377e-02, 6.65366933e-03, 7.73100263e-03, 3.60298536e-04, -2.89726523e-03, -1.24958709e-02, -6.67631662e-03, 6.72886570e-04],
    [1.64414461e-03, 8.94973111e-04, 7.26146407e-04, -3.55181479e-03, 1.92981144e-03, -1.34017159e-02, 6.63773380e-03, 7.70491850e-03, 3.74923907e-04, -2.87946263e-03, -1.24534621e-02, -6.69600361e-03, 6.60007298e-04],
    [1.64873136e-03, 6.44518378e-04, 6.14467597e-04, -2.98928505e-03, 1.69770189e-03, -1.03024208e-02, 7.96864810e-03, 6.68891431e-03, 3.19201563e-04, -2.21998991e-03, -1.02099100e-02, -4.66793753e-03, 3.36633135e-03]
]
